function [rev_arr] = rev_move(target_vec)

%measured on june 29, 2018

%{
cam1_p_um = 35.7;
cam2_p_um = 29.7;
%}       

cammat = [        


  322.1066    3.1398  544.0888   14.9011
    7.3212 -235.9904   16.1838 -414.1739
  155.3355   -1.3564  424.4813    3.5086
   -7.8248 -121.5604   -0.7654 -320.4423

];



% cm:
% 
%   336.4165    2.4609  580.9161   11.3611
%     6.8072 -240.2722   18.2465 -422.4209
%   160.5946   -1.3641  449.1980    4.9368
%    -9.0777 -119.1098   -3.0564 -324.3804


% h_m:
%   154.7515    5.3546   71.7540   -2.3972
%     4.7138 -109.6400    0.7226  -73.9923
%    88.9143    2.7572   24.2686   -2.2178
%     0.2703  -60.2725    0.1464  -26.5237

%september 11 measurement

%   338.8587    1.7836  584.9189   11.7111
%    10.6308 -242.7551   19.0205 -425.9923
%  -139.4463   -0.7518 -392.3653   -4.9862
%   -10.9856 -117.0798   -2.4681 -325.8242

% cprime = cm+ hm
% c_m=
%  [ 338.1427    2.2483  582.8378   11.7348
%    10.0569 -243.8470   19.1026 -427.7073
%   161.6059    0.6768  456.1894    5.3227
%   -10.2922 -118.9994   -0.1393 -328.3657]

% 
% cprime = [  507.9386    6.0033  662.7051   10.5488
%    14.3385 -342.8588   19.7598 -504.2357
%   257.4956    2.4713  484.0149    4.4489
%    -9.7257 -173.6178   -0.2249 -355.4404]

% h_m=[
%   169.7959    3.7550   79.8673   -1.1860
%     4.2816  -99.0118    0.6572  -76.5284
%    95.8897    1.7945   27.8255   -0.8738
%     0.5665  -54.6184   -0.0856  -27.0747]

% august 30 2018 reverse callibration
%  -281.2100   -2.1711 -479.7711  -11.1130
%    10.5109 -243.8343   19.4800 -428.3115
%  -149.5112   -0.3503 -422.6122   -4.7831
%    -9.6494 -121.1269   -2.5665 -331.5144

%august 30 2018 (same direction (positive) callibration)



%   345.9283    1.6595  596.5887   11.6769
%    -8.7347  208.2109  -15.2023  363.6775
%   167.7046    0.6143  474.1593    4.9793
%     7.4676   97.4296    1.1654  263.3174

%   344.8411    2.4427  595.0192   11.7982
%    10.7734 -243.7032   18.9114 -427.3457
%   167.5819    0.1509  473.7112    5.0029
%    -9.7756 -122.5704   -2.0914 -335.1335

%   170.2627    2.5919  278.5455    7.0302
%     5.6102 -120.5058    9.0582 -212.5455
%    84.6604   -1.6102  223.4590    0.5613
%    -5.0563  -60.5903   -2.4270 -164.9541

% %measured on aug 28 (-10 initial for x1, +10 initial for 1y)
%   337.5540    1.5554  580.9294   10.8284
%    -9.1998  210.2235  -16.6383  368.7034
%   161.9084    0.2795  458.8808    5.0815
%     8.3931   98.9861    2.8584  267.8570

%%measured on aug 28 (-10 initial for x1, -10 initial for 1y) (USE THIS ONE)

%   333.9361    2.0242  573.4556   11.3633
%    10.3354 -244.1295   18.9293 -428.7105
%   161.8639    0.2496  458.0389    5.2622
%    -9.9578 -120.6734   -3.7964 -329.6623

%measured aug 21 2017 using callibration and alignment for each axis
% % 
%   171.4090    3.3055  278.6971    6.8779
%     5.2342 -124.7437    9.1413 -217.0295
%    81.4432    0.5274  219.6110    0.6675
%    -3.7578  -61.1547   -2.8172 -166.4949



%measured on aug 20 2017:
% % 
%  138.3540   -3.5153  231.7272   -2.3780
%     1.5844 -123.9914    2.1395 -212.4706
%    76.8721   -1.0518  204.9071   -0.9181
%    -3.3736  -56.7884   -1.4413 -151.3256

%measured on aug 13 2017:


%  -295.5666    6.3612 -508.1545    5.2638
%    -1.8592  161.2280   -4.0049  274.4261
%  -157.0492    0.5575 -430.4714    3.5554
%     9.9529  107.3857    4.5167  288.0562
% aug 15 2017 
%   347.8062   -4.9456  590.4546    3.0270
%    -1.6312   89.6673   -2.3171  135.7861
%   165.9984   -0.0857  450.7811    1.7912
%     5.1220   71.0070    2.7108  186.6069
% hys/5:
%    11.0025    0.0321   18.9161    0.0629
%     0.1463    3.6823    0.0015    4.7072
%     4.2897    0.0664   11.7856    0.0557
%     0.1923    2.1398   -0.0670    5.2245
%old one (per 10 rev)
% 
% -146.7321    2.6884 -402.4271 -3.3866
%              9.0975  110.5047    6.4149  293.4737
%         -297.3647    4.4195 -518.7619   -3.2477
%         -2.5638  218.6467   -7.1123  383.6456

% per 5 rev 
% new one on august 15 after aligning beam
%   348.9197    3.6082  585.4479   14.3691
%    -4.3628   95.8243   -5.7327  149.7749
%   167.3463    0.1033  442.6181    6.5032
%     5.3395   71.6660    3.3370  192.7569

% rev_arr1 =mtimes(inv(cammat/10),target_vec);
% disp(rev_arr1);

hy =   [13.4916    0.3097   23.2151    0.4211
   -0.1900   -7.2217    0.0075  -13.6241
    3.6803   -0.0652   10.2191    0.1103
   -0.2115   -2.5947   -0.1536   -7.5440];
cammat=(cammat/10);
rev_arr = cammat\target_vec;
% disp(rev_arr)
end